0	4056492
1	164741
2	71694
3	43278
4	30464
5	22650
6	18149
7	14464
8	12000
9	10432
10	8846
11	7997
12	7009
13	6278
14	5472
15	5211
16	4803
17	4379
18	3893
19	3734
20	3476
21	3191
22	3124
23	2692
24	2653
25	2351
26	2217
27	2167
28	1997
29	1978
30	1895
31	1908
32	1617
33	1616
34	1461
35	1425
36	1338
37	1235
38	1188
39	1115
40	1071
41	1037
42	1024
43	988
44	993
45	886
46	893
47	844
48	779
49	766
50	776
51	735
52	676
53	645
54	671
55	633
56	552
57	646
58	584
59	548
60	567
61	528
62	527
63	507
64	491
65	518
66	450
67	449
68	409
69	447
70	449
71	417
72	409
73	400
74	363
75	359
76	342
77	355
78	353
79	351
80	354
81	323
82	300
83	319
84	327
85	294
86	265
87	301
88	294
89	300
90	268
91	243
92	263
93	248
94	272
95	251
96	235
97	256
98	250
99	203
100	220
101	209
102	177
103	181
104	204
105	184
106	189
107	198
108	213
109	197
110	162
111	166
112	190
113	162
114	166
115	140
116	170
117	171
118	167
119	184
120	174
121	164
122	154
123	150
124	146
125	141
126	142
127	130
128	140
129	154
130	137
131	119
132	137
133	134
134	113
135	123
136	111
137	130
138	105
139	114
140	106
141	111
142	137
143	116
144	108
145	125
146	110
147	108
148	113
149	85
150	98
151	83
152	95
153	105
154	103
155	87
156	94
157	96
158	69
159	83
160	75
161	96
162	80
163	100
164	75
165	97
166	88
167	74
168	71
169	72
170	74
171	78
172	61
173	75
174	62
175	85
176	91
177	61
178	62
179	76
180	68
181	65
182	82
183	62
184	66
185	59
186	61
187	51
188	64
189	45
190	65
191	57
192	53
193	57
194	65
195	65
196	60
197	61
198	55
199	61
200	54
201	55
202	57
203	54
204	60
205	55
206	47
207	59
208	55
209	53
210	48
211	43
212	43
213	50
214	45
215	43
216	40
217	48
218	56
219	36
220	40
221	46
222	56
223	48
224	45
225	53
226	49
227	43
228	39
229	42
230	39
231	36
232	33
233	47
234	45
235	38
236	31
237	45
238	42
239	36
240	45
241	43
242	29
243	40
244	30
245	37
246	33
247	35
248	40
249	31
250	30
251	28
252	41
253	32
254	35
255	35
256	30
257	32
258	36
259	30
260	41
261	20
262	36
263	36
264	23
265	25
266	36
267	35
268	23
269	29
270	37
271	41
272	23
273	33
274	30
275	20
276	35
277	36
278	26
279	18
280	36
281	28
282	18
283	27
284	36
285	26
286	28
287	28
288	21
289	30
290	20
291	21
292	28
293	28
294	23
295	20
296	27
297	24
298	21
299	26
300	29
301	21
302	16
303	20
304	13
305	22
306	19
307	15
308	17
309	18
310	27
311	20
312	24
313	19
314	25
315	20
316	10
317	25
318	21
319	21
320	20
321	17
322	18
323	22
324	17
325	19
326	26
327	25
328	19
329	26
330	17
331	19
332	22
333	18
334	21
335	20
336	23
337	23
338	13
339	17
340	16
341	25
342	23
343	17
344	15
345	11
346	15
347	19
348	17
349	27
350	20
351	15
352	17
353	16
354	18
355	28
356	17
357	20
358	15
359	16
360	13
361	16
362	19
363	23
364	12
365	14
366	19
367	14
368	11
369	21
370	13
371	11
372	10
373	15
374	11
375	10
376	10
377	12
378	14
379	16
380	14
381	14
382	15
383	6
384	18
385	13
386	9
387	18
388	11
389	11
390	18
391	10
392	8
393	18
394	17
395	15
396	13
397	14
398	13
399	14
400	18
401	18
402	12
403	7
404	14
405	14
406	12
407	13
408	13
409	9
410	7
411	14
412	7
413	10
414	16
415	9
416	13
417	15
418	6
419	16
420	17
421	8
422	6
423	10
424	14
425	13
426	15
427	3
428	13
429	14
430	16
431	8
432	11
433	14
434	14
435	21
436	8
437	9
438	15
439	9
440	10
441	23
442	8
443	17
444	12
445	13
446	13
447	8
448	14
449	9
450	16
451	10
452	8
453	7
454	9
455	13
456	6
457	14
458	12
459	11
460	7
461	13
462	8
463	8
464	7
465	7
466	6
467	12
468	4
469	8
470	13
471	5
472	10
473	10
474	7
475	14
476	7
477	9
478	7
479	13
480	12
481	6
482	11
483	9
484	8
485	5
486	8
487	5
488	9
489	7
490	13
491	12
492	15
493	14
494	9
495	6
496	10
497	14
498	10
499	6
500	6
501	6
502	10
503	14
504	11
505	10
506	8
507	5
508	6
509	9
510	12
511	8
512	8
513	9
514	5
515	9
516	10
517	12
518	7
519	8
520	3
521	9
522	5
523	3
524	4
525	9
526	7
527	6
528	5
529	9
530	8
531	7
532	11
533	7
534	14
535	12
536	7
537	7
538	6
539	8
540	7
541	11
542	5
543	9
544	10
545	8
546	6
547	8
548	5
549	5
550	11
551	8
552	9
553	7
554	3
555	8
556	8
557	1
558	7
559	6
560	6
561	5
562	8
563	4
564	6
565	4
566	11
567	7
568	4
569	6
570	7
571	5
572	8
573	5
574	4
575	6
576	6
577	7
578	6
579	2
580	6
581	7
582	9
583	7
584	7
585	4
586	7
587	6
588	6
589	6
590	9
591	9
592	8
593	5
594	6
595	3
596	3
597	9
598	10
599	9
600	9
601	7
602	4
603	4
604	6
605	5
606	6
607	3
608	4
609	10
610	8
611	5
612	8
613	4
614	3
615	4
616	7
617	6
618	6
619	6
620	4
621	4
622	2
623	6
624	9
625	2
626	3
627	2
628	10
629	4
630	4
631	3
632	2
633	9
634	5
635	3
636	5
637	6
638	6
639	10
640	1
641	2
642	3
643	10
644	2
645	5
646	5
647	5
648	4
649	4
650	6
651	7
652	5
653	4
654	4
655	5
656	3
657	4
658	4
659	6
660	7
661	9
662	2
663	6
664	5
665	5
666	7
667	3
668	3
669	4
670	2
671	6
672	1
673	2
674	6
675	4
676	7
677	2
678	4
679	6
680	4
681	3
682	3
683	6
684	3
685	2
686	4
687	1
688	3
689	5
690	3
691	4
692	3
693	4
694	4
695	1
696	4
697	4
698	4
699	4
700	3
701	5
702	5
703	10
704	5
705	3
706	6
707	4
708	6
709	2
710	3
711	4
712	5
713	3
714	2
715	2
716	4
717	7
718	7
719	5
720	5
721	3
722	3
723	2
724	1
725	5
726	2
727	2
728	7
729	5
730	3
731	3
732	4
733	5
734	3
735	2
736	5
737	3
738	4
739	3
740	5
741	4
742	5
743	5
744	3
745	7
746	4
747	3
748	2
749	4
750	6
751	6
752	5
753	2
754	4
755	2
756	4
757	2
758	3
759	3
760	2
761	5
762	3
763	2
764	6
765	4
766	1
767	4
768	3
769	1
770	1
771	3
772	1
774	6
775	6
776	4
777	4
778	4
779	3
780	9
781	3
782	2
783	2
784	1
785	5
786	2
787	3
788	3
789	4
790	1
791	3
792	5
793	4
794	3
795	5
796	3
797	5
798	2
799	6
800	3
801	1
802	1
803	1
804	5
805	4
806	4
807	3
808	4
809	2
810	3
811	3
812	6
813	2
814	4
815	3
816	3
818	4
819	3
820	2
821	3
822	4
823	3
824	3
825	4
826	4
827	2
828	3
829	2
831	2
832	4
833	3
834	2
835	1
836	5
837	4
838	1
839	2
840	3
841	2
842	6
843	3
844	2
845	2
846	4
847	3
848	2
849	3
850	2
851	5
852	2
853	3
854	2
855	3
856	2
857	1
858	2
859	1
860	1
861	1
862	1
863	3
864	3
865	3
866	3
867	2
868	2
869	2
871	2
872	3
874	1
875	1
877	1
878	1
879	2
881	1
883	3
884	4
885	4
887	1
888	2
889	1
890	2
891	2
892	3
893	3
895	2
897	3
898	2
901	3
902	4
903	2
904	2
905	3
906	1
907	3
909	4
910	2
911	3
912	1
913	4
914	3
915	3
916	2
917	1
918	3
919	1
920	1
921	1
922	2
923	2
924	5
926	2
927	2
928	1
929	4
930	2
932	3
933	2
934	1
935	2
936	1
937	4
938	1
939	4
940	2
942	4
943	3
944	2
947	2
948	2
949	2
950	1
951	1
952	1
953	1
957	1
958	4
959	3
960	3
961	2
962	2
963	1
964	1
965	1
966	2
967	1
968	1
970	1
971	2
972	3
973	3
974	6
975	1
976	2
977	1
978	1
979	2
981	2
982	2
983	1
984	2
985	1
986	1
989	1
990	1
991	2
992	1
993	2
994	1
995	1
996	2
998	1
1000	2
1001	1
1002	2
1003	3
1004	1
1005	3
1006	2
1007	1
1009	4
1010	1
1011	4
1012	4
1014	1
1015	1
1016	1
1017	3
1018	1
1019	2
1020	3
1021	1
1022	4
1023	2
1024	1
1025	1
1026	1
1027	3
1028	2
1030	5
1031	1
1032	2
1033	2
1034	2
1035	1
1036	4
1037	3
1038	2
1040	4
1041	4
1042	3
1043	4
1044	3
1046	1
1047	1
1048	1
1049	2
1050	4
1051	2
1052	1
1053	1
1054	4
1055	2
1056	3
1057	1
1058	2
1059	2
1061	2
1062	1
1063	4
1064	1
1065	1
1066	1
1067	1
1068	2
1070	3
1071	3
1072	2
1073	3
1074	2
1075	1
1077	1
1078	2
1079	1
1080	4
1081	2
1082	1
1084	2
1085	3
1086	1
1088	2
1089	2
1091	4
1092	1
1093	2
1095	2
1096	2
1097	2
1098	1
1099	3
1100	2
1101	5
1102	1
1103	3
1104	1
1105	1
1106	3
1107	2
1109	1
1112	1
1114	2
1115	2
1117	2
1118	3
1119	1
1120	1
1121	1
1122	2
1123	1
1124	1
1125	1
1126	1
1127	1
1129	1
1130	2
1131	2
1132	3
1135	3
1136	1
1137	1
1138	1
1139	2
1140	1
1141	2
1142	3
1144	2
1146	2
1147	1
1149	1
1151	1
1152	2
1153	1
1154	5
1156	2
1158	3
1159	1
1160	2
1162	1
1163	4
1164	3
1165	2
1166	1
1168	1
1170	2
1171	1
1172	1
1173	3
1174	1
1175	2
1176	1
1178	1
1180	2
1182	4
1183	1
1184	1
1187	2
1189	5
1190	4
1191	1
1193	1
1194	3
1195	1
1196	1
1197	2
1198	1
1200	1
1201	2
1203	2
1206	3
1207	1
1208	1
1209	2
1211	1
1212	2
1213	4
1214	1
1215	1
1216	1
1217	2
1218	3
1220	2
1222	1
1223	2
1224	4
1225	1
1227	2
1230	2
1231	3
1232	1
1235	2
1237	1
1239	2
1241	3
1242	1
1243	1
1244	2
1245	1
1246	1
1247	2
1248	2
1249	3
1250	1
1251	1
1252	3
1253	1
1255	2
1256	1
1257	1
1258	2
1259	1
1260	1
1261	2
1264	1
1267	3
1268	2
1269	1
1270	2
1271	1
1272	3
1273	1
1274	1
1276	1
1278	1
1279	1
1282	2
1284	1
1286	1
1287	1
1289	1
1290	1
1292	1
1295	2
1297	1
1298	2
1300	1
1301	1
1302	1
1305	1
1307	1
1308	2
1309	1
1310	1
1311	2
1312	1
1313	1
1316	3
1318	1
1319	1
1321	2
1322	1
1324	1
1327	1
1329	2
1330	1
1332	1
1333	3
1334	1
1335	1
1336	1
1337	3
1338	1
1342	1
1343	1
1345	1
1346	3
1347	1
1348	4
1349	1
1352	1
1353	1
1354	1
1356	2
1358	3
1359	2
1361	1
1362	1
1363	2
1364	3
1365	2
1368	1
1369	2
1370	1
1371	2
1378	2
1379	5
1380	2
1381	1
1382	1
1384	2
1385	3
1386	1
1388	1
1389	2
1390	3
1391	1
1392	2
1393	1
1394	1
1395	1
1396	1
1397	1
1398	2
1399	1
1403	1
1405	1
1406	1
1407	1
1408	2
1409	2
1410	1
1412	1
1413	2
1416	1
1417	1
1418	2
1420	1
1422	3
1426	1
1427	2
1428	2
1430	2
1431	2
1432	1
1434	3
1436	2
1437	1
1438	1
1440	1
1441	2
1442	2
1443	1
1445	1
1448	2
1451	1
1455	1
1457	1
1461	1
1468	2
1470	1
1471	2
1472	1
1474	1
1476	2
1477	1
1478	1
1479	1
1481	1
1482	1
1483	1
1484	1
1486	1
1487	1
1489	1
1492	1
1494	1
1496	1
1499	3
1501	1
1502	2
1509	2
1510	1
1513	1
1516	1
1518	1
1523	2
1528	2
1529	1
1530	3
1534	1
1536	1
1539	1
1545	1
1546	1
1548	1
1549	1
1550	1
1553	3
1558	1
1560	2
1564	2
1566	2
1567	1
1571	1
1572	1
1573	1
1575	1
1577	2
1578	1
1581	1
1582	3
1583	1
1584	2
1585	1
1586	3
1587	1
1588	1
1591	1
1595	2
1598	1
1602	1
1604	1
1605	4
1610	2
1611	1
1612	1
1613	1
1616	1
1617	1
1618	1
1619	1
1620	2
1621	1
1623	1
1624	2
1632	1
1633	1
1635	1
1636	1
1637	1
1638	2
1639	2
1640	1
1641	2
1644	2
1645	1
1647	1
1649	1
1652	1
1653	1
1655	2
1658	1
1661	1
1668	1
1669	2
1674	1
1680	3
1682	1
1683	1
1684	2
1686	1
1687	1
1690	2
1692	1
1695	2
1696	1
1698	1
1699	1
1701	1
1703	1
1705	1
1710	1
1714	1
1715	1
1717	1
1720	1
1725	3
1728	2
1729	1
1733	3
1734	1
1735	1
1738	2
1740	1
1741	1
1744	2
1755	1
1757	1
1759	1
1760	2
1762	1
1763	1
1766	1
1767	1
1769	1
1770	1
1774	1
1777	1
1779	1
1781	2
1782	1
1786	1
1788	2
1790	2
1791	1
1796	1
1797	1
1799	1
1800	4
1801	1
1805	2
1807	1
1808	2
1809	1
1812	1
1816	1
1820	1
1821	3
1822	1
1823	1
1829	1
1830	2
1834	1
1836	2
1839	1
1840	1
1843	1
1844	1
1846	1
1849	1
1852	1
1853	1
1860	1
1865	1
1866	2
1867	1
1868	1
1870	1
1872	1
1874	1
1875	1
1877	1
1884	2
1885	1
1886	1
1887	1
1888	4
1890	1
1894	1
1896	1
1899	1
1903	2
1904	1
1905	1
1906	1
1907	1
1917	1
1919	1
1921	1
1924	2
1930	1
1934	1
1935	2
1940	1
1950	1
1952	1
1954	2
1959	1
1962	1
1964	1
1966	1
1967	1
1970	1
1977	1
1978	2
1980	1
1984	1
1987	1
1988	1
1990	1
1998	1
2003	1
2006	1
2010	1
2012	2
2015	1
2017	1
2024	2
2025	2
2027	2
2028	1
2041	1
2050	2
2052	1
2054	1
2063	1
2065	1
2066	1
2067	1
2070	2
2082	1
2089	2
2091	1
2094	1
2097	1
2099	2
2100	2
2101	1
2102	1
2108	1
2112	1
2113	1
2114	1
2115	1
2117	1
2123	1
2126	1
2130	1
2133	2
2135	1
2138	2
2142	1
2144	1
2147	1
2152	1
2158	1
2160	1
2165	1
2171	1
2172	1
2180	1
2183	1
2185	1
2189	1
2191	1
2192	1
2194	1
2195	1
2198	1
2202	2
2205	1
2219	1
2220	2
2226	1
2227	1
2229	1
2230	1
2231	1
2232	1
2235	1
2236	1
2239	1
2241	1
2242	1
2247	2
2253	1
2261	2
2262	1
2266	1
2268	1
2269	1
2280	1
2294	1
2300	1
2302	1
2308	1
2313	1
2314	2
2316	1
2318	2
2327	1
2329	1
2331	1
2339	1
2346	1
2348	1
2350	1
2351	1
2356	1
2368	1
2370	1
2374	1
2377	1
2382	1
2388	1
2399	1
2400	2
2401	1
2404	1
2408	1
2412	1
2419	1
2421	1
2423	1
2426	1
2428	1
2433	1
2435	1
2438	1
2440	1
2443	1
2444	1
2448	3
2449	1
2453	3
2455	1
2456	1
2467	1
2469	1
2489	1
2493	1
2528	1
2533	1
2538	1
2539	1
2540	1
2545	1
2551	1
2553	1
2555	1
2562	1
2564	1
2573	1
2576	1
2578	1
2586	2
2591	1
2594	1
2595	1
2602	1
2615	1
2617	1
2636	1
2638	1
2649	1
2652	1
2660	1
2664	1
2676	1
2683	1
2704	1
2705	1
2719	1
2728	1
2730	1
2740	1
2746	2
2757	1
2760	1
2766	1
2776	1
2780	1
2786	1
2812	1
2836	1
2839	1
2840	1
2845	1
2856	1
2864	2
2869	1
2870	1
2872	3
2876	1
2878	1
2879	1
2886	1
2895	1
2908	1
2909	1
2910	1
2912	2
2926	1
2927	1
2951	2
2956	1
2961	1
2962	1
2969	1
2991	1
2992	1
3001	1
3006	1
3015	2
3016	1
3017	1
3025	1
3027	1
3029	1
3034	1
3041	1
3064	1
3065	1
3084	1
3094	1
3097	1
3101	1
3110	1
3118	1
3122	1
3135	1
3153	1
3191	1
3193	1
3208	2
3214	1
3224	1
3236	1
3253	1
3263	1
3271	1
3283	1
3288	1
3301	1
3309	2
3314	1
3317	1
3324	1
3332	1
3340	1
3350	1
3361	1
3362	1
3364	1
3367	1
3377	2
3390	1
3410	1
3411	1
3415	1
3416	1
3420	1
3442	1
3448	1
3450	1
3454	1
3468	1
3470	1
3521	1
3533	1
3539	1
3548	1
3554	1
3564	1
3568	1
3577	1
3588	1
3590	1
3597	1
3600	1
3604	1
3621	1
3622	1
3631	1
3632	1
3648	1
3654	1
3657	1
3664	1
3669	1
3672	1
3679	1
3697	1
3699	1
3722	2
3726	1
3729	1
3736	1
3765	1
3772	1
3775	1
3790	1
3795	2
3798	1
3826	1
3856	1
3868	1
3904	1
3906	1
3912	1
3917	1
3920	1
3971	1
3990	1
3991	1
4024	1
4028	1
4032	1
4041	1
4045	1
4079	1
4082	1
4090	1
4102	1
4108	1
4148	1
4159	1
4199	1
4207	1
4215	1
4217	1
4220	1
4257	1
4269	1
4286	1
4301	1
4305	1
4327	1
4380	1
4405	1
4430	1
4440	1
4462	1
4482	1
4491	1
4496	1
4504	1
4507	1
4512	1
4530	1
4553	1
4601	1
4644	1
4659	1
4671	1
4680	1
4753	1
4850	1
4865	1
4946	1
4965	1
4994	1
5010	1
5033	1
5066	1
5067	1
5098	1
5112	1
5115	1
5132	2
5155	1
5168	1
5190	1
5211	1
5227	1
5232	1
5294	1
5310	1
5315	1
5320	1
5328	1
5332	1
5359	1
5375	1
5386	1
5598	1
5615	1
5631	1
5639	1
5680	1
5703	1
5737	1
5762	1
5855	1
5910	1
5927	1
5986	1
6027	1
6047	1
6059	1
6110	1
6148	1
6188	1
6217	1
6286	1
6346	1
6370	1
6417	1
6448	1
6481	1
6482	1
6529	1
6530	1
6531	1
6544	1
6564	1
6711	1
6761	1
6765	1
6790	1
6859	1
6869	1
6939	1
6966	1
6972	1
6974	1
7051	1
7100	1
7118	1
7136	1
7200	1
7207	1
7346	1
7413	1
7529	1
7530	1
7572	1
7663	1
7695	1
7751	1
7768	1
7842	1
8177	1
8184	1
8214	1
8430	1
8570	1
8646	1
8724	1
8754	1
8925	1
9620	1
9660	1
9899	1
10020	1
10575	1
11051	1
11335	1
11520	1
11587	1
12010	1
12420	1
12527	1
12727	1
13015	2
13069	1
13855	1
14531	1
16003	1
16170	1
17144	1
17456	1
17594	1
19407	1
19449	1
20146	1
20413	1
20751	1
21395	1
26112	1
26340	1
31097	1
31577	1
